-8.215594830866598253e-01 -8.198959593188037687e-01 2.218421299263440449e+00
-8.968578092135640611e-01 -6.641289922074281593e-01 2.127816944575019686e+00
-1.076370752051284851e+00 -4.505507021406053858e-01 2.274672526558755070e+00
-1.275828217586171709e+00 -2.675627593417123085e-01 2.563332345014043945e+00
-1.402301975077841378e+00 -3.279821648832134673e-02 2.837306286609326822e+00
-1.093587965504789539e+00 2.173434284460213917e-01 2.176134420979625173e+00
-1.664515505164712694e+00 5.159792842495546372e-01 3.295664036565413735e+00
-1.066342433779431609e+00 6.227670672424385767e-01 2.382672940088239155e+00
-1.008121630026110438e+00 9.514842573438802020e-01 2.638243518677070298e+00
-8.538512296566650450e-01 1.134629720408489639e+00 2.707236923616915369e+00
-5.722314988614465303e-01 1.178785973765755779e+00 2.591828008243514780e+00
-3.996734698327071289e-01 1.467264645239117149e+00 2.953663064020490836e+00
-8.032059500236081451e-02 1.271274543180866967e+00 2.499344123810312457e+00
7.235401652728562505e-02 8.773008903726391416e-01 1.782035111118225768e+00
1.799993832699939289e-01 8.023128458818782338e-01 1.702509109075966087e+00
2.323079741681065014e-01 7.825827827427376260e-01 1.713828775596797804e+00
5.849028681783350336e-01 1.067338854476585608e+00 2.371550127493926130e+00
6.059488532817038919e-01 8.032888786953530369e-01 2.047042109603614435e+00
8.953915289017148060e-01 7.812247302213872757e-01 2.304753854124317769e+00
7.856528632037224069e-01 4.739470512409074687e-01 1.860543737406788134e+00
1.022150643419649674e+00 3.296927825795999967e-01 2.186072870500813448e+00
1.002310996948202027e+00 1.491880495797122674e-01 2.125094800780092275e+00
1.012264077013836028e+00 -8.286666359179495345e-02 2.118758269746528367e+00
1.288999709712983277e+00 -3.524303116164408944e-01 2.734897316443801962e+00
1.195408804468264030e+00 -5.999223138159428537e-01 2.761973620369816196e+00
6.669148207382645799e-01 -5.613616165162876870e-01 1.927157339334507613e+00
7.193249434318985669e-01 -8.514683699222079794e-01 2.369166766223414822e+00
5.110047707231062386e-01 -8.786057445788255649e-01 2.210729012177786501e+00
2.616012471034562803e-01 -9.055862023090350821e-01 2.173703718916024652e+00
6.317020075020185477e-02 -9.182079241814173898e-01 2.121480247348484394e+00
-8.461765789428042639e-02 -8.111895325539814072e-01 1.955825715480150606e+00
-2.413459958438346487e-01 -7.573634559401650757e-01 1.859752531912769236e+00
-3.978558700946648319e-01 -6.789485585468559847e-01 1.864587103354520714e+00
-7.195202629101002945e-01 -8.091516628309197712e-01 2.534193244756486330e+00
-8.966776218400086540e-01 -6.453383389667748382e-01 2.458409311797189023e+00
-8.397012052482146771e-01 -4.000062089763746775e-01 2.095942528566520746e+00
-8.576640761193292661e-01 -2.135626579516264612e-01 1.989718196580816389e+00
-1.166000468363587173e+00 -5.522371694004101633e-02 2.660060342577071246e+00
-1.048227546026070600e+00 1.678814349310930876e-01 2.461905951140134441e+00
-1.671094810589978996e+00 5.600298137724347702e-01 3.914847759876558086e+00
-1.122800128323032443e+00 7.386228258737521646e-01 3.059262350617903969e+00
-1.263334527559343723e+00 1.093819362205802337e+00 3.724814150716105221e+00
-9.843452328465652768e-01 1.431430214927525979e+00 3.960874407622927862e+00
-4.819820968040970932e-01 1.153710845251587402e+00 2.781662059110917795e+00
-1.793343993049640039e-01 8.633780882724257921e-01 1.979077175013952417e+00
-3.319870639164419074e-02 1.202494263022771293e+00 2.708309783874824905e+00
1.574484080220131255e-01 9.565060214792995286e-01 2.229007439571007776e+00
3.544677230509309940e-01 9.860113836683715993e-01 2.459502738816956580e+00
5.291205061438886137e-01 9.282302243082384274e-01 2.588915091245480138e+00
6.548425124310137679e-01 6.477208078216956100e-01 2.327418905080909095e+00
1.007443580805851058e+00 6.399965876349643645e-01 2.991109452154061543e+00
1.181801044780621313e+00 4.989686405903869804e-01 3.243736266424438242e+00
9.747254547310826300e-01 1.949842741870548568e-01 2.528903595696395445e+00
1.175360915714832366e+00 -3.925072426043700602e-02 2.843221172711625222e+00
1.074680857186765648e+00 -2.411311321657564621e-01 2.738173874003348551e+00
1.055383820107488768e+00 -4.977954151678154471e-01 2.849328443671206745e+00
8.840213828343854718e-01 -7.142019481357921862e-01 2.655056241836261766e+00
1.131888858596173941e+00 -1.145057335961521927e+00 3.678634707023442196e+00
6.536249014092512244e-01 -1.127323850800173499e+00 3.285530944732054870e+00
4.163295260270160059e-01 -1.282112697740571683e+00 3.633310340372802649e+00
5.938102887973036731e-02 -7.609020142058456893e-01 2.025425594678911700e+00
-1.682093625937546022e-02 -1.042370261714915536e+00 2.862916859129342573e+00
-1.090507485751780886e-01 -7.930597287011805774e-01 2.250473810068712055e+00
-2.041495084785232561e-01 -5.199152248615416250e-01 1.666113468727813629e+00
-5.999878338568145342e-01 -1.017619337027944271e+00 3.403397412630330354e+00
-5.867264715679497700e-01 -6.248443850473726080e-01 2.316166821655591956e+00
-9.636001257562945010e-01 -6.071219589038696629e-01 3.332726795662316999e+00
-8.159664385843239387e-01 -2.622955820790541237e-01 2.418187616008484753e+00
-1.491582980089859012e+00 -2.028506903270842765e-01 4.320364886870373233e+00
-1.059247760985583930e+00 1.345334100829480295e-01 2.923320710773336550e+00
-8.289846632580746277e-01 2.558953084498412078e-01 2.369895945267936455e+00
-1.160073382900240979e+00 6.486649288858291618e-01 3.675098831774620489e+00
-9.065678261441662000e-01 8.137131108538824265e-01 3.373364845275956370e+00
-6.550469183398770490e-01 9.886551334347092324e-01 3.472349627253668469e+00
-3.529859654881003506e-01 7.957506234470916873e-01 2.622526824363312414e+00
-2.405062654936113431e-01 1.340277153127517273e+00 4.149755906395318661e+00
5.315460350945004110e-03 6.830243531728271700e-01 1.971320232173235265e+00
1.783216960186370381e-01 9.500854816197329411e-01 3.016863829023545662e+00
3.408287833500234232e-01 8.367822555853097199e-01 2.833685277463843466e+00
6.943317133782281880e-01 9.363439203375352182e-01 3.496801342348015318e+00
5.017437973444128785e-01 5.105460898401070757e-01 2.493654150994203178e+00
1.132819548497803419e+00 8.212776244499310208e-01 4.467049307904004785e+00
8.324530234934629513e-01 2.894760535739987484e-01 2.983759250800730900e+00
1.026001913145891287e+00 1.112000967281224079e-01 3.445739673372502754e+00
1.109449797060301446e+00 -1.702265788565523186e-01 3.561136519780419452e+00
7.625346727910159439e-01 -2.773249418145792844e-01 2.475954156661755778e+00
8.606450519311833469e-01 -4.886983717058849819e-01 3.043561922813156961e+00
8.721454003168587210e-01 -7.977637437289145650e-01 3.759867637513466310e+00
4.435056277104818534e-01 -7.065032894758040971e-01 2.774837595964084969e+00
2.158358978647121895e-01 -6.984250563637623976e-01 2.596089934958945022e+00
4.942129486293758006e-02 -9.453212180287063893e-01 3.061402851617072596e+00
-1.285358880208443411e-01 -1.141914893954894650e+00 3.880357816231400303e+00
-3.226263790828777234e-01 -9.855780660352519984e-01 3.799619470833251356e+00
-4.801497496676555565e-01 -5.937955400561960584e-01 3.095175296093522821e+00
-5.237796362589047794e-01 -3.709162622438583190e-01 2.512428715046010730e+00
-9.788123302012038396e-01 -3.191700295085568295e-01 4.098639392213132560e+00
-8.993234566619899839e-01 -1.308296269140938606e-01 3.547965639284020423e+00
-8.003705347525666980e-01 1.500967417170018525e-01 3.121960182036298548e+00
-8.566139701603040502e-01 3.965177112340320109e-01 3.656998902885959080e+00
-6.215488514017245558e-01 5.109318390588735159e-01 3.191015057291417545e+00
-5.460794718173886952e-01 7.197079284214308315e-01 3.751726141824364813e+00
-2.529042795653356213e-01 7.247214269087384197e-01 3.231648868275045938e+00
-6.527196521100676885e-02 7.726698633707705932e-01 3.521892978133791097e+00
2.962510830805328843e-01 1.009586146946504392e+00 4.593401026231577866e+00
3.627456796765376468e-01 7.034585545408825746e-01 3.459330375065441832e+00
6.149020099809083817e-01 5.754534623000013838e-01 3.565703054247038484e+00
5.560455384907996290e-01 4.597778730007229808e-01 2.859031034995206166e+00
7.232517083775932276e-01 3.468331571845057471e-01 3.382851675445240236e+00
7.200115826877016012e-01 2.156362290011060168e-01 3.595574326173049950e+00
7.612743965608527175e-01 3.916068487131753317e-02 3.792423013499592876e+00
5.383929131543183644e-01 -1.521316719172746690e-01 2.725317067849274633e+00
6.208733046537554534e-01 -4.001510425988807906e-01 3.430476656375586408e+00
4.525786700721157740e-01 -4.969849774260285957e-01 3.079751539349317557e+00
3.196318529751147053e-01 -7.784200936909371205e-01 3.833744417494513890e+00
3.242006199474121997e-02 -5.798310272595459391e-01 2.909288138301177717e+00
-1.720874445976848799e-01 -5.997133408557721035e-01 3.214628199874688619e+00
-5.546693676163811926e-01 -7.674041567609668490e-01 4.695720197185724309e+00
-4.385314646472448508e-01 -4.981897663005737664e-01 3.419392216351638591e+00
-5.424626631541494826e-01 -3.352979704294617447e-01 3.833084753113912946e+00
-5.184632630663152941e-01 -1.158105689107036818e-01 3.421504294945104441e+00
-6.969272898063885169e-01 1.147594205711507942e-01 5.161776962724397677e+00
-4.372043668522599957e-01 4.178502138641643215e-01 4.260054790049673024e+00
-2.506266328265255861e-01 8.225159976934945938e-01 5.133353506446209913e+00
-2.230251131630707206e-01 8.764115684426374564e-01 5.474427514553034335e+00
9.515770349366263481e-02 4.949397203066981943e-01 3.395184354076369981e+00
1.943271196742439588e-01 4.134563999355234665e-01 3.116217777600652994e+00
3.072612309866910030e-01 2.568960184545141523e-01 3.044382233715726027e+00
3.976587381500557572e-01 1.637064475057901369e-01 2.990579589604030808e+00
3.837941017775110542e-01 -7.029000802361633389e-03 2.666999000885862614e+00
3.691133310360953379e-01 -7.597849912118063986e-02 2.803244760918792267e+00
2.171607078541585301e-01 -1.761851287665276988e-01 2.236288045275854675e+00
1.187734055947939488e-01 -2.069747249097253772e-01 2.140379886516998287e+00
6.141576315719082108e-03 -4.229506464608215888e-01 3.423746670714145957e+00
-1.202562876950805659e-01 -5.617054022227803145e-01 4.407017107464227479e+00
-3.602289246937882550e-01 -4.453428651421328377e-01 4.654060905703416573e+00
-2.951882912946041659e-01 -1.764027845029078057e-01 3.003830207787988371e+00
-4.036966191151299954e-01 4.035538345997393035e-03 3.771997956069374602e+00
-3.463106404494225021e-01 1.233861793592085365e-01 3.761962789746841729e+00
-4.186771969311817859e-02 2.899057388146825121e-02 1.503924414275453481e-01
-3.742992589043653978e-02 2.459606593020456922e-01 4.708029502355008944e+00
2.024990004335105176e-01 2.789538554273621740e-01 3.587071492849387422e+00
2.075533485091486940e-01 2.305859555762919122e-01 3.569526194444423428e+00
2.453199175288397760e-01 4.259109148986552074e-02 3.323450621598249111e+00
3.512825491273752210e-01 -8.194346986979635095e-02 4.430318689739266347e+00
2.191217563362846121e-01 -2.105174276540007772e-01 3.832527101875422559e+00
2.947085042695746782e-01 -3.143939202052158932e-01 4.669261949648274346e+00
-1.445742490447410669e-02 -1.286411594230945366e-01 2.656821190297537605e+00
-2.278992492043054596e-01 -1.299830222571054517e+00 2.436240272626714720e+00
-4.447472531233142568e-01 -1.113418079259185234e+00 2.297389407550529228e+00
-5.776347859820707420e-01 -8.348428324963119707e-01 1.912997676529806235e+00
